 1.049300E-05     4.845900E+01
 1.059900E-05     4.892892E+01
 1.070500E-05     4.940432E+01
 1.081300E-05     4.988429E+01
 1.092200E-05     5.036881E+01
 1.103100E-05     5.085790E+01
 1.114200E-05     5.135246E+01
 1.125400E-05     5.185159E+01
 1.136700E-05     5.235528E+01
 1.148200E-05     5.286353E+01
 1.159700E-05     5.337725E+01
 1.171400E-05     5.389554E+01
 1.183100E-05     5.441930E+01
 1.195000E-05     5.494763E+01
 1.207000E-05     5.548143E+01
 1.219200E-05     5.602070E+01
 1.231400E-05     5.656454E+01
 1.243800E-05     5.711385E+01
 1.256300E-05     5.766864E+01
 1.268900E-05     5.822890E+01
 1.281700E-05     5.879464E+01
 1.294600E-05     5.936585E+01
 1.307600E-05     5.994254E+01
 1.320700E-05     6.052470E+01
 1.334000E-05     6.111233E+01
 1.347400E-05     6.170636E+01
 1.360900E-05     6.230586E+01
 1.374600E-05     6.291083E+01
 1.388400E-05     6.352219E+01
 1.402400E-05     6.413903E+01
 1.416500E-05     6.476225E+01
 1.430700E-05     6.539095E+01
 1.445100E-05     6.602603E+01
 1.459600E-05     6.666750E+01
 1.474300E-05     6.731536E+01
 1.489100E-05     6.796870E+01
 1.504100E-05     6.862933E+01
 1.519200E-05     6.929544E+01
 1.534400E-05     6.996885E+01
 1.549900E-05     7.064865E+01
 1.565400E-05     7.133483E+01
 1.581200E-05     7.202740E+01
 1.597100E-05     7.272727E+01
 1.613100E-05     7.343353E+01
 1.629300E-05     7.414709E+01
 1.645700E-05     7.486795E+01
 1.662200E-05     7.559519E+01
 1.678900E-05     7.632883E+01
 1.695800E-05     7.707067E+01
 1.712900E-05     7.781890E+01
 1.730100E-05     7.857535E+01
 1.747500E-05     7.933818E+01
 1.765000E-05     8.010922E+01
 1.782800E-05     8.088757E+01
 1.800700E-05     8.167321E+01
 1.818800E-05     8.246616E+01
 1.837100E-05     8.326731E+01
 1.855500E-05     8.407577E+01
 1.874200E-05     8.489244E+01
 1.893000E-05     8.571732E+01
 1.912000E-05     8.655041E+01
 1.931300E-05     8.739080E+01
 1.950700E-05     8.823941E+01
 1.970300E-05     8.909714E+01
 1.990100E-05     8.996217E+01
 2.010100E-05     9.083632E+01
 2.030300E-05     9.172234E+01
 2.050700E-05     9.260744E+01
 2.071300E-05     9.351080E+01
 2.092100E-05     9.441415E+01
 2.113100E-05     9.533575E+01
 2.134400E-05     9.625736E+01
 2.155800E-05     9.719721E+01
 2.177500E-05     9.813706E+01
 2.199400E-05     9.909516E+01
 2.221500E-05     1.000533E+02
 2.243800E-05     1.010296E+02
 2.266300E-05     1.020060E+02
 2.289100E-05     1.030006E+02
 2.312100E-05     1.040043E+02
 2.335400E-05     1.050080E+02
 2.358800E-05     1.060300E+02
 2.382500E-05     1.070611E+02
 2.406500E-05     1.081013E+02
 2.430700E-05     1.091507E+02
 2.455100E-05     1.102092E+02
 2.479800E-05     1.112768E+02
 2.504700E-05     1.123626E+02
 2.529900E-05     1.134576E+02
 2.555300E-05     1.145526E+02
 2.581000E-05     1.156658E+02
 2.606900E-05     1.167881E+02
 2.633100E-05     1.179287E+02
 2.659600E-05     1.190693E+02
 2.686300E-05     1.202282E+02
 2.713300E-05     1.213961E+02
 2.740600E-05     1.225732E+02
 2.768100E-05     1.237686E+02
 2.795900E-05     1.249639E+02
 2.824000E-05     1.261775E+02
 2.852400E-05     1.274094E+02
 2.881100E-05     1.286412E+02
 2.910000E-05     1.298913E+02
 2.939300E-05     1.311597E+02
 2.968800E-05     1.324280E+02
 2.998700E-05     1.337146E+02
 3.028800E-05     1.350194E+02
 3.059200E-05     1.363243E+02
 3.090000E-05     1.376474E+02
 3.121000E-05     1.389887E+02
 3.152400E-05     1.403392E+02
 3.184100E-05     1.416988E+02
 3.216100E-05     1.430766E+02
 3.248400E-05     1.444636E+02
 3.281100E-05     1.458688E+02
 3.314000E-05     1.472923E+02
 3.347300E-05     1.487157E+02
 3.381000E-05     1.501666E+02
 3.415000E-05     1.516174E+02
 3.449300E-05     1.530956E+02
 3.484000E-05     1.545830E+02
 3.519000E-05     1.560794E+02
 3.554300E-05     1.576033E+02
 3.590100E-05     1.591271E+02
 3.626100E-05     1.606783E+02
 3.662600E-05     1.622387E+02
 3.699400E-05     1.638081E+02
 3.736600E-05     1.654050E+02
 3.774100E-05     1.670109E+02
 3.812100E-05     1.686352E+02
 3.850400E-05     1.702685E+02
 3.889100E-05     1.719201E+02
 3.928100E-05     1.735899E+02
 3.967600E-05     1.752780E+02
 4.007500E-05     1.769843E+02
 4.047800E-05     1.786998E+02
 4.088500E-05     1.804335E+02
 4.129500E-05     1.821855E+02
 4.171100E-05     1.839557E+02
 4.213000E-05     1.857441E+02
 4.255300E-05     1.875508E+02
 4.298100E-05     1.893758E+02
 4.341300E-05     1.912099E+02
 4.384900E-05     1.930713E+02
 4.429000E-05     1.949419E+02
 4.473500E-05     1.968399E+02
 4.518400E-05     1.987469E+02
 4.563900E-05     2.006814E+02
 4.609700E-05     2.026250E+02
 4.656100E-05     2.045959E+02
 4.702800E-05     2.065851E+02
 4.750100E-05     2.085926E+02
 4.797800E-05     2.106183E+02
 4.846100E-05     2.126622E+02
 4.894800E-05     2.147244E+02
 4.944000E-05     2.168140E+02
 4.993700E-05     2.189218E+02
 5.043800E-05     2.210479E+02
 5.094500E-05     2.231922E+02
 5.145700E-05     2.253639E+02
 5.197400E-05     2.275448E+02
 5.249700E-05     2.297621E+02
 5.302400E-05     2.319885E+02
 5.355700E-05     2.342424E+02
 5.409600E-05     2.365144E+02
 5.463900E-05     2.388139E+02
 5.518800E-05     2.411316E+02
 5.574300E-05     2.434766E+02
 5.630300E-05     2.458400E+02
 5.686900E-05     2.482306E+02
 5.744100E-05     2.506396E+02
 5.801800E-05     2.530759E+02
 5.860100E-05     2.555305E+02
 5.919000E-05     2.580124E+02
 5.978500E-05     2.605217E+02
 6.038600E-05     2.630493E+02
 6.099300E-05     2.656042E+02
 6.160600E-05     2.681866E+02
 6.222500E-05     2.707871E+02
 6.285000E-05     2.734151E+02
 6.348200E-05     2.760704E+02
 6.412000E-05     2.787531E+02
 6.476400E-05     2.814631E+02
 6.541500E-05     2.842006E+02
 6.607300E-05     2.869562E+02
 6.673700E-05     2.897393E+02
 6.740700E-05     2.925589E+02
 6.808500E-05     2.953967E+02
 6.876900E-05     2.982710E+02
 6.946000E-05     3.011635E+02
 7.015800E-05     3.040835E+02
 7.086300E-05     3.070399E+02
 7.157500E-05     3.100237E+02
 7.229500E-05     3.130349E+02
 7.302100E-05     3.160734E+02
 7.375500E-05     3.191394E+02
 7.449700E-05     3.222418E+02
 7.524500E-05     3.253716E+02
 7.600100E-05     3.285288E+02
 7.676500E-05     3.317224E+02
 7.753700E-05     3.349435E+02
 7.831600E-05     3.381919E+02
 7.910300E-05     3.414768E+02
 7.989800E-05     3.447982E+02
 8.070100E-05     3.481470E+02
 8.151200E-05     3.515232E+02
 8.233100E-05     3.549359E+02
 8.315900E-05     3.583851E+02
 8.399500E-05     3.618616E+02
 8.483900E-05     3.653746E+02
 8.569100E-05     3.689242E+02
 8.655300E-05     3.725102E+02
 8.742300E-05     3.761236E+02
 8.830100E-05     3.797735E+02
 8.918900E-05     3.834691E+02
 9.008500E-05     3.871920E+02
 9.099000E-05     3.909514E+02
 9.190500E-05     3.947473E+02
 9.282800E-05     3.985797E+02
 9.376100E-05     4.024486E+02
 9.470400E-05     4.063540E+02
 9.565500E-05     4.102960E+02
 9.661700E-05     4.142835E+02
 9.758800E-05     4.183075E+02
 9.856900E-05     4.223680E+02
 9.955900E-05     4.264651E+02
 1.005600E-04     4.306077E+02
 1.015700E-04     4.347869E+02
 1.025900E-04     4.390117E+02
 1.036200E-04     4.432729E+02
 1.046600E-04     4.475707E+02
 1.057200E-04     4.519232E+02
 1.067800E-04     4.563031E+02
 1.078500E-04     4.607378E+02
 1.089400E-04     4.652089E+02
 1.100300E-04     4.697257E+02
 1.111400E-04     4.742881E+02
 1.122500E-04     4.788870E+02
 1.133800E-04     4.835406E+02
 1.145200E-04     4.882307E+02
 1.156700E-04     4.929756E+02
 1.168300E-04     4.977570E+02
 1.180100E-04     5.025932E+02
 1.191900E-04     5.074658E+02
 1.203900E-04     5.123932E+02
 1.216000E-04     5.173662E+02
 1.228200E-04     5.223848E+02
 1.240600E-04     5.274582E+02
 1.253100E-04     5.325772E+02
 1.265600E-04     5.377510E+02
 1.278400E-04     5.429703E+02
 1.291200E-04     5.482353E+02
 1.304200E-04     5.535551E+02
 1.317300E-04     5.589296E+02
 1.330500E-04     5.643497E+02
 1.343900E-04     5.698337E+02
 1.357400E-04     5.753633E+02
 1.371100E-04     5.809477E+02
 1.384800E-04     5.865777E+02
 1.398800E-04     5.922715E+02
 1.412800E-04     5.980202E+02
 1.427000E-04     6.038235E+02
 1.441400E-04     6.096816E+02
 1.455800E-04     6.156036E+02
 1.470500E-04     6.215712E+02
 1.485200E-04     6.276027E+02
 1.500200E-04     6.336889E+02
 1.515300E-04     6.398390E+02
 1.530500E-04     6.460530E+02
 1.545900E-04     6.523126E+02
 1.561400E-04     6.586452E+02
 1.577100E-04     6.650326E+02
 1.592900E-04     6.714838E+02
 1.609000E-04     6.779989E+02
 1.625100E-04     6.845779E+02
 1.641500E-04     6.912207E+02
 1.658000E-04     6.979274E+02
 1.674600E-04     7.046889E+02
 1.691400E-04     7.115325E+02
 1.708400E-04     7.184308E+02
 1.725600E-04     7.253930E+02
 1.743000E-04     7.324282E+02
 1.760500E-04     7.395364E+02
 1.778200E-04     7.467085E+02
 1.796000E-04     7.539536E+02
 1.814100E-04     7.612626E+02
 1.832300E-04     7.686445E+02
 1.850700E-04     7.760995E+02
 1.869300E-04     7.836183E+02
 1.888100E-04     7.912192E+02
 1.907100E-04     7.988932E+02
 1.926300E-04     8.066401E+02
 1.945600E-04     8.144601E+02
 1.965200E-04     8.223530E+02
 1.984900E-04     8.303281E+02
 2.004900E-04     8.383761E+02
 2.025000E-04     8.464972E+02
 2.045400E-04     8.547095E+02
 2.065900E-04     8.629948E+02
 2.086700E-04     8.713531E+02
 2.107700E-04     8.798026E+02
 2.128900E-04     8.883252E+02
 2.150200E-04     8.969390E+02
 2.171900E-04     9.056258E+02
 2.193700E-04     9.143947E+02
 2.215700E-04     9.232457E+02
 2.238000E-04     9.321880E+02
 2.260500E-04     9.412216E+02
 2.283200E-04     9.503464E+02
 2.306200E-04     9.595624E+02
 2.329300E-04     9.688697E+02
 2.352700E-04     9.782682E+02
 2.376400E-04     9.877580E+02
 2.400300E-04     9.972477E+02
 2.424400E-04     1.006920E+03
 2.448800E-04     1.016684E+03
 2.473400E-04     1.026538E+03
 2.498200E-04     1.036484E+03
 2.523300E-04     1.046522E+03
 2.548700E-04     1.056650E+03
 2.574300E-04     1.066870E+03
 2.600200E-04     1.077181E+03
 2.626300E-04     1.087674E+03
 2.652700E-04     1.098168E+03
 2.679400E-04     1.108753E+03
 2.706300E-04     1.119520E+03
 2.733500E-04     1.130378E+03
 2.761000E-04     1.141328E+03
 2.788700E-04     1.152369E+03
 2.816700E-04     1.163501E+03
 2.845100E-04     1.174725E+03
 2.873600E-04     1.186131E+03
 2.902500E-04     1.197628E+03
 2.931700E-04     1.209125E+03
 2.961200E-04     1.220896E+03
 2.990900E-04     1.232667E+03
 3.021000E-04     1.244621E+03
 3.051300E-04     1.256665E+03
 3.082000E-04     1.268801E+03
 3.113000E-04     1.281029E+03
 3.144300E-04     1.293438E+03
 3.175900E-04     1.305939E+03
 3.207800E-04     1.318531E+03
 3.240000E-04     1.331306E+03
 3.272600E-04     1.344172E+03
 3.305500E-04     1.357129E+03
 3.338700E-04     1.370269E+03
 3.372300E-04     1.383500E+03
 3.406200E-04     1.396822E+03
 3.440400E-04     1.410327E+03
 3.475000E-04     1.423923E+03
 3.509900E-04     1.437701E+03
 3.545200E-04     1.451571E+03
 3.580800E-04     1.465623E+03
 3.616800E-04     1.479766E+03
 3.653100E-04     1.494001E+03
 3.689800E-04     1.508418E+03
 3.726900E-04     1.523018E+03
 3.764400E-04     1.537709E+03
 3.802200E-04     1.552491E+03
 3.840400E-04     1.567456E+03
 3.879000E-04     1.582603E+03
 3.918000E-04     1.597841E+03
 3.957400E-04     1.613262E+03
 3.997200E-04     1.628774E+03
 4.037300E-04     1.644469E+03
 4.077900E-04     1.660346E+03
 4.118900E-04     1.676314E+03
 4.160300E-04     1.692465E+03
 4.202100E-04     1.708798E+03
 4.244300E-04     1.725223E+03
 4.287000E-04     1.741921E+03
 4.330100E-04     1.758620E+03
 4.373600E-04     1.775592E+03
 4.417500E-04     1.792655E+03
 4.461900E-04     1.809901E+03
 4.506800E-04     1.827329E+03
 4.552100E-04     1.844940E+03
 4.597800E-04     1.862642E+03
 4.644000E-04     1.880527E+03
 4.690700E-04     1.898685E+03
 4.737800E-04     1.916935E+03
 4.785500E-04     1.935276E+03
 4.833600E-04     1.953890E+03
 4.882100E-04     1.972687E+03
 4.931200E-04     1.991667E+03
 4.980800E-04     2.010738E+03
 5.030800E-04     2.030082E+03
 5.081400E-04     2.049518E+03
 5.132400E-04     2.069227E+03
 5.184000E-04     2.089028E+03
 5.236100E-04     2.109103E+03
 5.288800E-04     2.129360E+03
 5.341900E-04     2.149799E+03
 5.395600E-04     2.170330E+03
 5.449800E-04     2.191135E+03
 5.504600E-04     2.212122E+03
 5.559900E-04     2.233382E+03
 5.615800E-04     2.254734E+03
 5.672200E-04     2.276360E+03
 5.729200E-04     2.298168E+03
 5.786800E-04     2.320159E+03
 5.845000E-04     2.342332E+03
 5.903700E-04     2.364688E+03
 5.963100E-04     2.387317E+03
 6.023000E-04     2.410129E+03
 6.083500E-04     2.433215E+03
 6.144700E-04     2.456392E+03
 6.206400E-04     2.479934E+03
 6.268800E-04     2.503567E+03
 6.331800E-04     2.527474E+03
 6.395400E-04     2.551564E+03
 6.459700E-04     2.575927E+03
 6.524600E-04     2.600472E+03
 6.590200E-04     2.625292E+03
 6.656400E-04     2.650294E+03
 6.723300E-04     2.675569E+03
 6.790900E-04     2.701119E+03
 6.859100E-04     2.726759E+03
 6.928100E-04     2.752765E+03
 6.997700E-04     2.778953E+03
 7.068000E-04     2.805415E+03
 7.139100E-04     2.832060E+03
 7.210800E-04     2.858978E+03
 7.283300E-04     2.886169E+03
 7.356500E-04     2.913544E+03
 7.430400E-04     2.941283E+03
 7.505100E-04     2.969205E+03
 7.580500E-04     2.997309E+03
 7.656700E-04     3.025779E+03
 7.733700E-04     3.054431E+03
 7.811400E-04     3.083447E+03
 7.889900E-04     3.112647E+03
 7.969200E-04     3.142120E+03
 8.049300E-04     3.171866E+03
 8.130200E-04     3.201887E+03
 8.211900E-04     3.232181E+03
 8.294400E-04     3.262749E+03
 8.377800E-04     3.293591E+03
 8.462000E-04     3.324707E+03
 8.547000E-04     3.356096E+03
 8.632900E-04     3.387759E+03
 8.719700E-04     3.419696E+03
 8.807300E-04     3.451906E+03
 8.895800E-04     3.484482E+03
 8.985200E-04     3.517331E+03
 9.075500E-04     3.550454E+03
 9.166700E-04     3.583851E+03
 9.258900E-04     3.617521E+03
 9.351900E-04     3.651556E+03
 9.445900E-04     3.685866E+03
 9.540900E-04     3.720540E+03
 9.636700E-04     3.755488E+03
 9.733600E-04     3.790709E+03
 9.831400E-04     3.826205E+03
 9.930200E-04     3.862065E+03
 1.003000E-03     3.898291E+03
 1.013100E-03     3.934790E+03
 1.023300E-03     3.971563E+03
 1.033500E-03     4.008701E+03
 1.043900E-03     4.046203E+03
 1.054400E-03     4.083980E+03
 1.065000E-03     4.122122E+03
 1.075700E-03     4.160628E+03
 1.086500E-03     4.199409E+03
 1.097500E-03     4.238554E+03
 1.108500E-03     4.277973E+03
 1.119600E-03     4.317848E+03
 1.130900E-03     4.357997E+03
 1.142200E-03     4.398511E+03
 1.153700E-03     4.439390E+03
 1.165300E-03     4.480543E+03
 1.177000E-03     4.522152E+03
 1.188900E-03     4.564035E+03
 1.200800E-03     4.606374E+03
 1.212900E-03     4.648987E+03
 1.225100E-03     4.691964E+03
 1.237400E-03     4.735398E+03
 1.249800E-03     4.779106E+03
 1.262400E-03     4.823270E+03
 1.275100E-03     4.867708E+03
 1.287900E-03     4.912602E+03
 1.300800E-03     4.957861E+03
 1.313900E-03     5.003485E+03
 1.327100E-03     5.049473E+03
 1.340400E-03     5.095827E+03
 1.353900E-03     5.142638E+03
 1.367500E-03     5.189813E+03
 1.381300E-03     5.237353E+03
 1.395100E-03     5.285349E+03
 1.409200E-03     5.333711E+03
 1.423300E-03     5.382437E+03
 1.437600E-03     5.431619E+03
 1.452100E-03     5.481167E+03
 1.466700E-03     5.531171E+03
 1.481400E-03     5.581540E+03
 1.496300E-03     5.632365E+03
 1.511300E-03     5.683555E+03
 1.526500E-03     5.735201E+03
 1.541900E-03     5.787212E+03
 1.557400E-03     5.839680E+03
 1.573000E-03     5.892512E+03
 1.588800E-03     5.945892E+03
 1.604800E-03     5.999637E+03
 1.620900E-03     6.053747E+03
 1.637200E-03     6.108405E+03
 1.653700E-03     6.163427E+03
 1.670300E-03     6.218906E+03
 1.687100E-03     6.274841E+03
 1.704000E-03     6.331141E+03
 1.721200E-03     6.387988E+03
 1.738500E-03     6.445201E+03
 1.755900E-03     6.502869E+03
 1.773600E-03     6.560994E+03
 1.791400E-03     6.619575E+03
 1.809400E-03     6.678613E+03
 1.827600E-03     6.738197E+03
 1.846000E-03     6.798147E+03
 1.864500E-03     6.858553E+03
 1.883200E-03     6.919416E+03
 1.902200E-03     6.980734E+03
 1.921300E-03     7.042509E+03
 1.940600E-03     7.104831E+03
 1.960100E-03     7.167519E+03
 1.979800E-03     7.230753E+03
 1.999700E-03     7.294444E+03
 2.019800E-03     7.358592E+03
 2.040100E-03     7.423195E+03
 2.060600E-03     7.488346E+03
 2.081300E-03     7.553953E+03
 2.102200E-03     7.620017E+03
 2.123400E-03     7.686536E+03
 2.144700E-03     7.753512E+03
 2.166300E-03     7.821036E+03
 2.188000E-03     7.889107E+03
 2.210000E-03     7.957542E+03
 2.232200E-03     8.026526E+03
 2.254700E-03     8.095965E+03
 2.277300E-03     8.165953E+03
 2.300200E-03     8.236396E+03
 2.323300E-03     8.307295E+03
 2.346700E-03     8.378743E+03
 2.370300E-03     8.450646E+03
 2.394100E-03     8.523097E+03
 2.418100E-03     8.596004E+03
 2.442400E-03     8.669458E+03
 2.467000E-03     8.743369E+03
 2.491800E-03     8.817736E+03
 2.516800E-03     8.892650E+03
 2.542100E-03     8.968021E+03
 2.567700E-03     9.043939E+03
 2.593500E-03     9.120405E+03
 2.619500E-03     9.196871E+03
 2.645900E-03     9.274431E+03
 2.672500E-03     9.352905E+03
 2.699300E-03     9.431378E+03
 2.726400E-03     9.509851E+03
 2.753800E-03     9.589236E+03
 2.781500E-03     9.669535E+03
 2.809500E-03     9.749833E+03
 2.837700E-03     9.831043E+03
 2.866200E-03     9.912254E+03
 2.895000E-03     9.994377E+03
 2.924100E-03     1.007650E+04
 2.953500E-03     1.015954E+04
 2.983200E-03     1.024257E+04
 3.013200E-03     1.032652E+04
 3.043500E-03     1.041138E+04
 3.074100E-03     1.049624E+04
 3.104900E-03     1.058110E+04
 3.136200E-03     1.066687E+04
 3.167700E-03     1.075356E+04
 3.199500E-03     1.084024E+04
 3.231700E-03     1.092784E+04
 3.264100E-03     1.101544E+04
 3.296900E-03     1.110395E+04
 3.330100E-03     1.119246E+04
 3.363600E-03     1.128188E+04
 3.397400E-03     1.137131E+04
 3.431500E-03     1.146164E+04
 3.466000E-03     1.155289E+04
 3.500800E-03     1.164414E+04
 3.536000E-03     1.173539E+04
 3.571500E-03     1.182755E+04
 3.607400E-03     1.192062E+04
 3.643700E-03     1.201278E+04
 3.680300E-03     1.210676E+04
 3.717300E-03     1.220075E+04
 3.754700E-03     1.229474E+04
 3.792400E-03     1.238963E+04
 3.830500E-03     1.248544E+04
 3.869000E-03     1.258125E+04
 3.907900E-03     1.267706E+04
 3.947200E-03     1.277379E+04
 3.986800E-03     1.287051E+04
 4.026900E-03     1.296814E+04
 4.067400E-03     1.306578E+04
 4.108300E-03     1.316433E+04
 4.149500E-03     1.326287E+04
 4.191200E-03     1.336234E+04
 4.233400E-03     1.346180E+04
 4.275900E-03     1.356126E+04
 4.318900E-03     1.366163E+04
 4.362300E-03     1.376200E+04
 4.406100E-03     1.386329E+04
 4.450400E-03     1.396457E+04
 4.495100E-03     1.406586E+04
 4.540300E-03     1.416805E+04
 4.586000E-03     1.427116E+04
 4.632000E-03     1.437336E+04
 4.678600E-03     1.447647E+04
 4.725600E-03     1.458049E+04
 4.773100E-03     1.468360E+04
 4.821100E-03     1.478763E+04
 4.869500E-03     1.489256E+04
 4.918500E-03     1.499658E+04
 4.967900E-03     1.510152E+04
 5.017800E-03     1.520737E+04
 5.068300E-03     1.531230E+04
 5.119200E-03     1.541815E+04
 5.170600E-03     1.552400E+04
 5.222600E-03     1.563076E+04
 5.275100E-03     1.573752E+04
 5.328100E-03     1.584336E+04
 5.381700E-03     1.595104E+04
 5.435800E-03     1.605780E+04
 5.490400E-03     1.616547E+04
 5.545600E-03     1.627223E+04
 5.601300E-03     1.637990E+04
 5.657600E-03     1.648849E+04
 5.714400E-03     1.659616E+04
 5.771900E-03     1.670383E+04
 5.829900E-03     1.681242E+04
 5.888500E-03     1.692100E+04
 5.947700E-03     1.702867E+04
 6.007400E-03     1.713726E+04
 6.067800E-03     1.724584E+04
 6.128800E-03     1.735443E+04
 6.190400E-03     1.746310E+04
 6.252600E-03     1.757183E+04
 6.315400E-03     1.768059E+04
 6.378900E-03     1.778952E+04
 6.443000E-03     1.789842E+04
 6.507800E-03     1.800743E+04
 6.573200E-03     1.811635E+04
 6.639200E-03     1.822514E+04
 6.706000E-03     1.833409E+04
 6.773400E-03     1.844275E+04
 6.841400E-03     1.855100E+04
 6.910200E-03     1.865913E+04
 6.979600E-03     1.876677E+04
 7.049800E-03     1.887420E+04
 7.120600E-03     1.898107E+04
 7.192200E-03     1.908762E+04
 7.264500E-03     1.919368E+04
 7.337500E-03     1.929927E+04
 7.411200E-03     1.940485E+04
 7.485700E-03     1.951053E+04
 7.561000E-03     1.961624E+04
 7.636900E-03     1.972167E+04
 7.713700E-03     1.982719E+04
 7.791200E-03     1.993246E+04
 7.869500E-03     2.003759E+04
 7.948600E-03     2.014253E+04
 8.028500E-03     2.024665E+04
 8.109200E-03     2.035000E+04
 8.190700E-03     2.045347E+04
 8.273000E-03     2.055706E+04
 8.356100E-03     2.065983E+04
 8.440100E-03     2.076177E+04
 8.525000E-03     2.086378E+04
 8.610600E-03     2.096584E+04
 8.697200E-03     2.106795E+04
 8.784600E-03     2.116827E+04
 8.872900E-03     2.126861E+04
 8.962000E-03     2.136805E+04
 9.052100E-03     2.146658E+04
 9.143100E-03     2.156419E+04
 9.235000E-03     2.166177E+04
 9.327800E-03     2.175750E+04
 9.421500E-03     2.185320E+04
 9.516200E-03     2.194794E+04
 9.611900E-03     2.204171E+04
 9.708500E-03     2.213451E+04
 9.806000E-03     2.222633E+04
 9.904600E-03     2.231717E+04
 1.000400E-02     2.240701E+04
 1.010500E-02     2.249585E+04
 1.020600E-02     2.258369E+04
 1.030900E-02     2.267053E+04
 1.041200E-02     2.275544E+04
 1.051700E-02     2.284025E+04
 1.062300E-02     2.292312E+04
 1.073000E-02     2.300498E+04
 1.083700E-02     2.308490E+04
 1.094600E-02     2.316471E+04
 1.105600E-02     2.324258E+04
 1.116700E-02     2.330664E+04
 1.128000E-02     2.338062E+04
 1.139300E-02     2.345358E+04
 1.150700E-02     2.352552E+04
 1.162300E-02     2.359551E+04
 1.174000E-02     2.366355E+04
 1.185800E-02     2.373058E+04
 1.197700E-02     2.379567E+04
 1.209700E-02     2.385975E+04
 1.221900E-02     2.392097E+04
 1.234200E-02     2.398117E+04
 1.246600E-02     2.403931E+04
 1.259100E-02     2.409626E+04
 1.271800E-02     2.415017E+04
 1.284600E-02     2.420197E+04
 1.297500E-02     2.425258E+04
 1.310500E-02     2.430017E+04
 1.323700E-02     2.434653E+04
 1.337000E-02     2.438987E+04
 1.350400E-02     2.443201E+04
 1.364000E-02     2.448111E+04
 1.377700E-02     2.451809E+04
 1.391500E-02     2.455386E+04
 1.405500E-02     2.458566E+04
 1.419700E-02     2.461622E+04
 1.433900E-02     2.464381E+04
 1.448300E-02     2.466924E+04
 1.462900E-02     2.469253E+04
 1.477600E-02     2.471280E+04
 1.492400E-02     2.473006E+04
 1.507400E-02     2.474517E+04
 1.522600E-02     2.475813E+04
 1.537900E-02     2.476808E+04
 1.553300E-02     2.477504E+04
 1.569000E-02     2.477979E+04
 1.584700E-02     2.478160E+04
 1.600700E-02     2.477668E+04
 1.616700E-02     2.477245E+04
 1.633000E-02     2.476602E+04
 1.649400E-02     2.475661E+04
 1.666000E-02     2.474415E+04
 1.682700E-02     2.472877E+04
 1.699600E-02     2.471046E+04
 1.716700E-02     2.468920E+04
 1.734000E-02     2.466496E+04
 1.751400E-02     2.463789E+04
 1.769000E-02     2.460783E+04
 1.786800E-02     2.457477E+04
 1.804700E-02     2.453891E+04
 1.822900E-02     2.449985E+04
 1.841200E-02     2.445800E+04
 1.859700E-02     2.441317E+04
 1.878400E-02     2.436537E+04
 1.897300E-02     2.431460E+04
 1.916300E-02     2.426116E+04
 1.935600E-02     2.420453E+04
 1.955000E-02     2.414530E+04
 1.974700E-02     2.408289E+04
 1.994500E-02     2.401798E+04
 2.014600E-02     2.394995E+04
 2.034800E-02     2.387951E+04
 2.055300E-02     2.380602E+04
 2.075900E-02     2.373023E+04
 2.096800E-02     2.365147E+04
 2.117900E-02     2.357017E+04
 2.139200E-02     2.348638E+04
 2.160700E-02     2.340017E+04
 2.182400E-02     2.331160E+04
 2.204300E-02     2.322075E+04
 2.226500E-02     2.312727E+04
 2.248800E-02     2.303208E+04
 2.271400E-02     2.293440E+04
 2.294300E-02     2.283430E+04
 2.317300E-02     2.273274E+04
 2.340600E-02     2.262891E+04
 2.364100E-02     2.252335E+04
 2.387900E-02     2.241569E+04
 2.411900E-02     2.230646E+04
 2.436100E-02     2.219575E+04
 2.460600E-02     2.208319E+04
 2.485300E-02     2.196933E+04
 2.510300E-02     2.185379E+04
 2.535600E-02     2.173666E+04
 2.561000E-02     2.161894E+04
 2.586800E-02     2.149934E+04
 2.612800E-02     2.137886E+04
 2.639000E-02     2.125759E+04
 2.665600E-02     2.113468E+04
 2.692300E-02     2.101161E+04
 2.719400E-02     2.088706E+04
 2.746700E-02     2.076203E+04
 2.774300E-02     2.063615E+04
 2.802200E-02     2.050948E+04
 2.830400E-02     2.038211E+04
 2.858800E-02     2.025454E+04
 2.887600E-02     2.012596E+04
 2.916600E-02     1.999731E+04
 2.945900E-02     1.986822E+04
 2.975500E-02     1.973875E+04
 3.005400E-02     1.960896E+04
 3.035600E-02     1.947890E+04
 3.066100E-02     1.934862E+04
 3.096900E-02     1.921819E+04
 3.128100E-02     1.908722E+04
 3.159500E-02     1.895662E+04
 3.191200E-02     1.882598E+04
 3.223300E-02     1.869497E+04
 3.255700E-02     1.856401E+04
 3.288400E-02     1.843316E+04
 3.321500E-02     1.830205E+04
 3.354900E-02     1.817112E+04
 3.388600E-02     1.804039E+04
 3.422600E-02     1.790989E+04
 3.457000E-02     1.777928E+04
 3.491800E-02     1.764858E+04
 3.526900E-02     1.751820E+04
 3.562300E-02     1.738816E+04
 3.598100E-02     1.725811E+04
 3.634300E-02     1.712809E+04
 3.670800E-02     1.699848E+04
 3.707700E-02     1.686894E+04
 3.745000E-02     1.673949E+04
 3.782600E-02     1.661050E+04
 3.820600E-02     1.648165E+04
 3.859000E-02     1.635294E+04
 3.897800E-02     1.622441E+04
 3.937000E-02     1.609608E+04
 3.976500E-02     1.596827E+04
 4.016500E-02     1.584036E+04
 4.056900E-02     1.571270E+04
 4.097600E-02     1.558561E+04
 4.138800E-02     1.545847E+04
 4.180400E-02     1.533163E+04
 4.222400E-02     1.520508E+04
 4.264900E-02     1.507855E+04
 4.307700E-02     1.495265E+04
 4.351000E-02     1.482680E+04
 4.394800E-02     1.470102E+04
 4.438900E-02     1.457590E+04
 4.483500E-02     1.445088E+04
 4.528600E-02     1.432598E+04
 4.574100E-02     1.420150E+04
 4.620100E-02     1.407717E+04
 4.666500E-02     1.395328E+04
 4.713400E-02     1.382958E+04
 4.760800E-02     1.370609E+04
 4.808600E-02     1.358308E+04
 4.857000E-02     1.346006E+04
 4.905800E-02     1.333755E+04
 4.955100E-02     1.321532E+04
 5.004900E-02     1.309337E+04
 5.055200E-02     1.297174E+04
 5.106000E-02     1.285044E+04
 5.157300E-02     1.272948E+04
 5.209100E-02     1.260888E+04
 5.261500E-02     1.248843E+04
 5.314400E-02     1.236838E+04
 5.367800E-02     1.224874E+04
 5.421700E-02     1.212954E+04
 5.476200E-02     1.201057E+04
 5.531200E-02     1.189206E+04
 5.586800E-02     1.177383E+04
 5.643000E-02     1.165589E+04
 5.699700E-02     1.153847E+04
 5.757000E-02     1.142139E+04
 5.814800E-02     1.130487E+04
 5.873300E-02     1.118852E+04
 5.932300E-02     1.107276E+04
 5.991900E-02     1.095742E+04
 6.052100E-02     1.084251E+04
 6.113000E-02     1.072787E+04
 6.174400E-02     1.061389E+04
 6.236500E-02     1.050023E+04
 6.299100E-02     1.038726E+04
 6.362400E-02     1.027464E+04
 6.426400E-02     1.016241E+04
 6.491000E-02     1.005074E+04
 6.556200E-02     9.939674E+03
 6.622100E-02     9.829045E+03
 6.688700E-02     9.718881E+03
 6.755900E-02     9.609365E+03
 6.823800E-02     9.500352E+03
 6.892400E-02     9.391866E+03
 6.961600E-02     9.284079E+03
 7.031600E-02     9.176702E+03
 7.102300E-02     9.069911E+03
 7.173600E-02     8.963871E+03
 7.245700E-02     8.858304E+03
 7.318500E-02     8.753378E+03
 7.392100E-02     8.648967E+03
 7.466400E-02     8.545235E+03
 7.541400E-02     8.442196E+03
 7.617200E-02     8.339731E+03
 7.693800E-02     8.237862E+03
 7.771100E-02     8.136737E+03
 7.849200E-02     8.036243E+03
 7.928100E-02     7.936398E+03
 8.007800E-02     7.837219E+03
 8.088300E-02     7.738725E+03
 8.169500E-02     7.641049E+03
 8.251600E-02     7.543969E+03
 8.334600E-02     7.447504E+03
 8.418300E-02     7.351901E+03
 8.502900E-02     7.256945E+03
 8.588400E-02     7.162654E+03
 8.674700E-02     7.069154E+03
 8.761900E-02     6.976351E+03
 8.850000E-02     6.884259E+03
 8.938900E-02     6.792996E+03
 9.028700E-02     6.702472E+03
 9.119500E-02     6.612602E+03
 9.211100E-02     6.523595E+03
 9.303700E-02     6.435272E+03
 9.397200E-02     6.347739E+03
 9.491600E-02     6.261009E+03
 9.587000E-02     6.175000E+03
 9.683400E-02     6.089728E+03
 9.780700E-02     6.005292E+03
 9.879000E-02     5.921614E+03
 9.978300E-02     5.838706E+03
 1.007900E-01     5.756254E+03
 1.018000E-01     5.675162E+03
 1.028200E-01     5.594860E+03
 1.038600E-01     5.514592E+03
 1.049000E-01     5.435910E+03
 1.059500E-01     5.358042E+03
 1.070200E-01     5.280273E+03
 1.080900E-01     5.204064E+03
 1.091800E-01     5.127993E+03
 1.102800E-01     5.052784E+03
 1.113900E-01     4.978441E+03
 1.125000E-01     4.905613E+03
 1.136400E-01     4.832357E+03
 1.147800E-01     4.760619E+03
 1.159300E-01     4.689752E+03
 1.171000E-01     4.619158E+03
 1.182700E-01     4.550044E+03
 1.194600E-01     4.481226E+03
 1.206600E-01     4.413300E+03
 1.218800E-01     4.345715E+03
 1.231000E-01     4.279574E+03
 1.243400E-01     4.213791E+03
 1.255900E-01     4.148909E+03
 1.268500E-01     4.084922E+03
 1.281200E-01     4.021825E+03
 1.294100E-01     3.959133E+03
 1.307100E-01     3.897340E+03
 1.320300E-01     3.835981E+03
 1.333500E-01     3.775978E+03
 1.346900E-01     3.716414E+03
 1.360500E-01     3.657310E+03
 1.374100E-01     3.599527E+03
 1.387900E-01     3.542207E+03
 1.401900E-01     3.485369E+03
 1.416000E-01     3.429422E+03
 1.430200E-01     3.374356E+03
 1.444600E-01     3.319786E+03
 1.459100E-01     3.266094E+03
 1.473800E-01     3.212911E+03
 1.488600E-01     3.160600E+03
 1.503500E-01     3.109149E+03
 1.518700E-01     3.057880E+03
 1.533900E-01     3.007804E+03
 1.549300E-01     2.958250E+03
 1.564900E-01     2.909228E+03
 1.580600E-01     2.861051E+03
 1.596500E-01     2.813408E+03
 1.612600E-01     2.766308E+03
 1.628800E-01     2.720041E+03
 1.645100E-01     2.674592E+03
 1.661700E-01     2.629411E+03
 1.678400E-01     2.585046E+03
 1.695200E-01     2.541483E+03
 1.712300E-01     2.498209E+03
 1.729500E-01     2.455734E+03
 1.746900E-01     2.413804E+03
 1.764400E-01     2.372655E+03
 1.782200E-01     2.331818E+03
 1.800100E-01     2.291755E+03
 1.818200E-01     2.252235E+03
 1.836400E-01     2.213468E+03
 1.854900E-01     2.175031E+03
 1.873500E-01     2.137337E+03
 1.892400E-01     2.099983E+03
 1.911400E-01     2.063362E+03
 1.930600E-01     2.027273E+03
 1.950000E-01     1.991716E+03
 1.969600E-01     1.956687E+03
 1.989400E-01     1.922187E+03
 2.009400E-01     1.888211E+03
 2.029600E-01     1.854758E+03
 2.050000E-01     1.821824E+03
 2.070600E-01     1.789406E+03
 2.091400E-01     1.757501E+03
 2.112400E-01     1.726105E+03
 2.133600E-01     1.695215E+03
 2.155100E-01     1.664685E+03
 2.176700E-01     1.634795E+03
 2.198600E-01     1.605265E+03
 2.220700E-01     1.576228E+03
 2.243000E-01     1.547681E+03
 2.265600E-01     1.519495E+03
 2.288300E-01     1.491913E+03
 2.311300E-01     1.464688E+03
 2.334600E-01     1.437822E+03
 2.358000E-01     1.411541E+03
 2.381700E-01     1.385614E+03
 2.405700E-01     1.360043E+03
 2.429800E-01     1.335035E+03
 2.454300E-01     1.310276E+03
 2.478900E-01     1.286068E+03
 2.503800E-01     1.262206E+03
 2.529000E-01     1.238691E+03
 2.554400E-01     1.215615E+03
 2.580100E-01     1.192882E+03
 2.606000E-01     1.170577E+03
 2.632200E-01     1.148611E+03
 2.658700E-01     1.126984E+03
 2.685400E-01     1.105773E+03
 2.712400E-01     1.084894E+03
 2.739600E-01     1.064421E+03
 2.767200E-01     1.044202E+03
 2.795000E-01     1.024382E+03
 2.823100E-01     1.004886E+03
 2.851500E-01     9.857102E+02
 2.880100E-01     9.669191E+02
 2.909100E-01     9.483787E+02
 2.938300E-01     9.302144E+02
 2.967800E-01     9.123593E+02
 2.997600E-01     8.948106E+02
 3.027800E-01     8.775093E+02
 3.058200E-01     8.605670E+02
 3.088900E-01     8.439229E+02
 3.120000E-01     8.275219E+02
 3.151300E-01     8.114662E+02
 3.183000E-01     7.956500E+02
 3.215000E-01     7.801220E+02
 3.247300E-01     7.648786E+02
 3.279900E-01     7.499164E+02
 3.312900E-01     7.351876E+02
 3.346200E-01     7.207352E+02
 3.379800E-01     7.065554E+02
 3.413800E-01     6.926038E+02
 3.448100E-01     6.789194E+02
 3.482800E-01     6.654599E+02
 3.517800E-01     6.522618E+02
 3.553100E-01     6.393210E+02
 3.588800E-01     6.265984E+02
 3.624900E-01     6.140927E+02
 3.661300E-01     6.018359E+02
 3.698100E-01     5.897917E+02
 3.735300E-01     5.779584E+02
 3.772800E-01     5.663651E+02
 3.810800E-01     5.549481E+02
 3.849100E-01     5.437659E+02
 3.887700E-01     5.328141E+02
 3.926800E-01     5.220339E+02
 3.966300E-01     5.114523E+02
 4.006100E-01     5.010928E+02
 4.046400E-01     4.909011E+02
 4.087100E-01     4.809014E+02
 4.128100E-01     4.711150E+02
 4.169600E-01     4.614918E+02
 4.211500E-01     4.520536E+02
 4.253900E-01     4.427764E+02
 4.296600E-01     4.337016E+02
 4.339800E-01     4.247840E+02
 4.383400E-01     4.160426E+02
 4.427500E-01     4.074558E+02
 4.472000E-01     3.990411E+02
 4.516900E-01     3.907958E+02
 4.562300E-01     3.826998E+02
 4.608200E-01     3.747518E+02
 4.654500E-01     3.669672E+02
 4.701200E-01     3.593432E+02
 4.748500E-01     3.518458E+02
 4.796200E-01     3.445053E+02
 4.844400E-01     3.373042E+02
 4.893100E-01     3.302409E+02
 4.942300E-01     3.233139E+02
 4.992000E-01     3.165216E+02
 5.042100E-01     3.098754E+02
 5.092800E-01     3.033471E+02
 5.144000E-01     2.969483E+02
 5.195700E-01     2.906774E+02
 5.247900E-01     2.845325E+02
 5.300600E-01     2.785119E+02
 5.353900E-01     2.726028E+02
 5.407700E-01     2.668149E+02
 5.462100E-01     2.611360E+02
 5.517000E-01     2.555751E+02
 5.572400E-01     2.501303E+02
 5.628400E-01     2.447903E+02
 5.685000E-01     2.395539E+02
 5.742100E-01     2.344289E+02
 5.799800E-01     2.294048E+02
 5.858100E-01     2.244802E+02
 5.917000E-01     2.196541E+02
 5.976500E-01     2.149250E+02
 6.036500E-01     2.102993E+02
 6.097200E-01     2.057604E+02
 6.158500E-01     2.013145E+02
 6.220400E-01     1.969605E+02
 6.282900E-01     1.926969E+02
 6.346000E-01     1.885223E+02
 6.409800E-01     1.844291E+02
 6.474200E-01     1.804224E+02
 6.539300E-01     1.764950E+02
 6.605000E-01     1.726517E+02
 6.671400E-01     1.688854E+02
 6.738400E-01     1.652007E+02
 6.806200E-01     1.615855E+02
 6.874600E-01     1.580495E+02
 6.943600E-01     1.545914E+02
 7.013400E-01     1.511999E+02
 7.083900E-01     1.478792E+02
 7.155100E-01     1.446282E+02
 7.227000E-01     1.414459E+02
 7.299700E-01     1.383269E+02
 7.373000E-01     1.352787E+02
 7.447100E-01     1.322920E+02
 7.522000E-01     1.293660E+02
 7.597600E-01     1.265036E+02
 7.673900E-01     1.237037E+02
 7.751000E-01     1.209618E+02
 7.828900E-01     1.182769E+02
 7.907600E-01     1.156484E+02
 7.987100E-01     1.130754E+02
 8.067400E-01     1.105570E+02
 8.148500E-01     1.080924E+02
 8.230300E-01     1.056837E+02
 8.313100E-01     1.033212E+02
 8.396600E-01     1.010129E+02
 8.481000E-01     9.875225E+01
 8.566200E-01     9.654124E+01
 8.652300E-01     9.437650E+01
 8.739300E-01     9.225738E+01
 8.827100E-01     9.018554E+01
 8.915800E-01     8.815784E+01
 9.005400E-01     8.617361E+01
 9.095900E-01     8.423215E+01
 9.187400E-01     8.233073E+01
 9.279700E-01     8.047281E+01
 9.372900E-01     7.865557E+01
 9.467100E-01     7.687646E+01
 9.562300E-01     7.513493E+01
 9.658400E-01     7.343221E+01
 9.755500E-01     7.176587E+01
 9.853500E-01     7.013700E+01
 9.952500E-01     6.854329E+01
 1.005300E+00     6.697653E+01
 1.015400E+00     6.545171E+01
 1.025600E+00     6.396034E+01
 1.035900E+00     6.250185E+01
 1.046300E+00     6.107567E+01
 1.056800E+00     5.968120E+01
 1.067400E+00     5.831788E+01
 1.078100E+00     5.698513E+01
 1.089000E+00     5.567050E+01
 1.099900E+00     5.439752E+01
 1.111000E+00     5.314224E+01
 1.122100E+00     5.192671E+01
 1.133400E+00     5.072842E+01
 1.144800E+00     4.956309E+01
 1.156300E+00     4.842158E+01
 1.167900E+00     4.730471E+01
 1.179700E+00     4.621247E+01
 1.191500E+00     4.514579E+01
 1.203500E+00     4.410191E+01
 1.215600E+00     4.308176E+01
 1.227800E+00     4.208351E+01
 1.240200E+00     4.110807E+01
 1.252600E+00     4.015544E+01
 1.265200E+00     3.922289E+01
 1.277900E+00     3.831132E+01
 1.290800E+00     3.742074E+01
 1.303700E+00     3.655024E+01
 1.316800E+00     3.569890E+01
 1.330100E+00     3.486672E+01
 1.343500E+00     3.405370E+01
 1.357000E+00     3.325893E+01
 1.370600E+00     3.248150E+01
 1.384400E+00     3.172231E+01
 1.398300E+00     3.097956E+01
 1.412300E+00     3.025414E+01
 1.426500E+00     2.954605E+01
 1.440900E+00     2.885257E+01
 1.455300E+00     2.817551E+01
 1.470000E+00     2.751396E+01
 1.484700E+00     2.686702E+01
 1.499700E+00     2.623558E+01
 1.514700E+00     2.561783E+01
 1.530000E+00     2.501469E+01
 1.545300E+00     2.442431E+01
 1.560900E+00     2.384854E+01
 1.576600E+00     2.328554E+01
 1.592400E+00     2.273531E+01
 1.608400E+00     2.219786E+01
 1.624600E+00     2.167228E+01
 1.640900E+00     2.115946E+01
 1.657400E+00     2.065760E+01
 1.674000E+00     2.016760E+01
 1.690900E+00     1.968946E+01
 1.707900E+00     1.922227E+01
 1.725000E+00     1.876512E+01
 1.742400E+00     1.831892E+01
 1.759900E+00     1.788275E+01
 1.777600E+00     1.745754E+01
 1.795400E+00     1.704145E+01
 1.813500E+00     1.663540E+01
 1.831700E+00     1.623847E+01
 1.850100E+00     1.585066E+01
 1.868700E+00     1.547199E+01
 1.887500E+00     1.510243E+01
 1.906400E+00     1.474109E+01
 1.925600E+00     1.438796E+01
 1.945000E+00     1.404304E+01
 1.964500E+00     1.370725E+01
 1.984300E+00     1.337785E+01
 2.004200E+00     1.305757E+01
 2.024300E+00     1.274367E+01
 2.044700E+00     1.243708E+01
 2.065200E+00     1.213870E+01
 2.086000E+00     1.184671E+01
 2.107000E+00     1.156110E+01
 2.128100E+00     1.128280E+01
 2.149500E+00     1.101088E+01
 2.171100E+00     1.074535E+01
 2.192900E+00     1.048529E+01
 2.215000E+00     1.023253E+01
 2.237200E+00     9.985252E+00
 2.259700E+00     9.743445E+00
 2.282400E+00     9.508026E+00
 2.305400E+00     9.278081E+00
 2.328500E+00     9.053064E+00
 2.351900E+00     8.833704E+00
 2.375600E+00     8.619454E+00
 2.399500E+00     8.410314E+00
 2.423600E+00     8.206193E+00
 2.447900E+00     8.006816E+00
 2.472500E+00     7.812185E+00
 2.497400E+00     7.622207E+00
 2.522500E+00     7.436791E+00
 2.547800E+00     7.255664E+00
 2.573400E+00     7.078917E+00
 2.599300E+00     6.906367E+00
 2.625400E+00     6.737924E+00
 2.651800E+00     6.573495E+00
 2.678500E+00     6.412990E+00
 2.705400E+00     6.256318E+00
 2.732600E+00     6.103386E+00
 2.760000E+00     5.954105E+00
 2.787800E+00     5.808382E+00
 2.815800E+00     5.666126E+00
 2.844100E+00     5.527338E+00
 2.872700E+00     5.391835E+00
 2.901500E+00     5.259617E+00
 2.930700E+00     5.130593E+00
 2.960200E+00     5.004580E+00
 2.989900E+00     4.881669E+00
 3.020000E+00     4.761769E+00
 3.050300E+00     4.644607E+00
 3.081000E+00     4.530364E+00
 3.111900E+00     4.418860E+00
 3.143200E+00     4.310092E+00
 3.174800E+00     4.203880E+00
 3.206700E+00     4.100222E+00
 3.238900E+00     3.999119E+00
 3.271500E+00     3.900481E+00
 3.304400E+00     3.804123E+00
 3.337600E+00     3.710138E+00
 3.371100E+00     3.618433E+00
 3.405000E+00     3.529011E+00
 3.439200E+00     3.441686E+00
 3.473800E+00     3.356461E+00
 3.508700E+00     3.273334E+00
 3.544000E+00     3.192306E+00
 3.579600E+00     3.113103E+00
 3.615500E+00     3.035907E+00
 3.651900E+00     2.960628E+00
 3.688600E+00     2.887082E+00
 3.725700E+00     2.815452E+00
 3.763100E+00     2.745465E+00
 3.800900E+00     2.677212E+00
 3.839100E+00     2.610692E+00
 3.877700E+00     2.545724E+00
 3.916700E+00     2.482306E+00
 3.956000E+00     2.420532E+00
 3.995800E+00     2.360217E+00
 4.036000E+00     2.301362E+00
 4.076500E+00     2.243967E+00
 4.117500E+00     2.187941E+00
 4.158900E+00     2.133375E+00
 4.200700E+00     2.080086E+00
 4.242900E+00     2.028075E+00
 4.285500E+00     1.977432E+00
 4.328600E+00     1.927976E+00
 4.372100E+00     1.879706E+00
 4.416000E+00     1.832713E+00
 4.460400E+00     1.786815E+00
 4.505200E+00     1.742013E+00
 4.550500E+00     1.698396E+00
 4.596300E+00     1.655783E+00
 4.642500E+00     1.614266E+00
 4.689100E+00     1.573752E+00
 4.736200E+00     1.534241E+00
 4.783800E+00     1.495735E+00
 4.831900E+00     1.458141E+00
 4.880500E+00     1.421459E+00
 4.929500E+00     1.385690E+00
 4.979100E+00     1.350833E+00
 5.029100E+00     1.316889E+00
 5.079700E+00     1.283675E+00
 5.130700E+00     1.251373E+00
 5.182300E+00     1.219801E+00
 5.234300E+00     1.189051E+00
 5.287000E+00     1.159121E+00
 5.340100E+00     1.129831E+00
 5.393800E+00     1.101362E+00
 5.448000E+00     1.073531E+00
 5.502700E+00     1.046430E+00
 5.558000E+00     1.019968E+00
 5.613900E+00     9.941453E-01
 5.670300E+00     9.690522E-01
 5.727300E+00     9.445065E-01
 5.784800E+00     9.205996E-01
 5.843000E+00     8.972949E-01
 5.901700E+00     8.745650E-01
 5.961000E+00     8.524009E-01
 6.020900E+00     8.307843E-01
 6.081400E+00     8.097152E-01
 6.142600E+00     7.891753E-01
 6.204300E+00     7.691464E-01
 6.266700E+00     7.496193E-01
 6.329600E+00     7.305759E-01
 6.393200E+00     7.120161E-01
 6.457500E+00     6.939216E-01
 6.522400E+00     6.762743E-01
 6.587900E+00     6.590741E-01
 6.654200E+00     6.423027E-01
 6.721000E+00     6.259511E-01
 6.788600E+00     6.100101E-01
 6.856800E+00     5.944706E-01
 6.925700E+00     5.793143E-01
 6.995300E+00     5.645504E-01
 7.065600E+00     5.501515E-01
 7.136600E+00     5.361176E-01
 7.208400E+00     5.224304E-01
 7.280800E+00     5.090991E-01
 7.354000E+00     4.960963E-01
 7.427900E+00     4.834220E-01
 7.502500E+00     4.710670E-01
 7.577900E+00     4.590223E-01
 7.654100E+00     4.472787E-01
 7.731000E+00     4.358362E-01
 7.808700E+00     4.246857E-01
 7.887200E+00     4.138090E-01
 7.966500E+00     4.032151E-01
 8.046500E+00     3.928767E-01
 8.127400E+00     3.828121E-01
 8.209100E+00     3.729938E-01
 8.291600E+00     3.634311E-01
 8.374900E+00     3.541055E-01
 8.459100E+00     3.450264E-01
 8.544100E+00     3.361662E-01
 8.630000E+00     3.275342E-01
 8.716700E+00     3.191211E-01
 8.804300E+00     3.109179E-01
 8.892800E+00     3.029246E-01
 8.982200E+00     2.951320E-01
 9.072500E+00     2.875402E-01
 9.163600E+00     2.801400E-01
 9.255700E+00     2.729314E-01
 9.348700E+00     2.659054E-01
 9.442700E+00     2.590526E-01
 9.537600E+00     2.523824E-01
 9.633500E+00     2.458765E-01
 9.730300E+00     2.395439E-01
 9.828100E+00     2.333664E-01
 9.926800E+00     2.273440E-01
 1.002700E+01     2.214768E-01
 1.012700E+01     2.157555E-01
 1.022900E+01     2.101894E-01
 1.033200E+01     2.047602E-01
 1.043600E+01     1.994678E-01
 1.054100E+01     1.943123E-01
 1.064700E+01     1.892845E-01
 1.075400E+01     1.843937E-01
 1.086200E+01     1.796214E-01
 1.097100E+01     1.749769E-01
 1.108100E+01     1.704419E-01
 1.119200E+01     1.660346E-01
 1.130500E+01     1.617277E-01
 1.141900E+01     1.575394E-01
 1.153300E+01     1.534606E-01
 1.164900E+01     1.494822E-01
 1.176600E+01     1.456042E-01
 1.188500E+01     1.418265E-01
 1.200400E+01     1.381492E-01
 1.212500E+01     1.345632E-01
 1.224700E+01     1.310684E-01
 1.237000E+01     1.276649E-01
 1.249400E+01     1.243434E-01
 1.261900E+01     1.211133E-01
 1.274600E+01     1.179652E-01
 1.287400E+01     1.148993E-01
 1.300400E+01     1.119155E-01
 1.313500E+01     1.090047E-01
 1.326700E+01     1.061669E-01
 1.340000E+01     1.034021E-01
 1.353500E+01     1.007103E-01
 1.367100E+01     9.808231E-02
 1.380800E+01     9.552737E-02
 1.394700E+01     9.304543E-02
 1.408700E+01     9.061550E-02
 1.422800E+01     8.825218E-02
 1.437100E+01     8.595091E-02
 1.451600E+01     8.370804E-02
 1.466200E+01     8.152448E-02
 1.480900E+01     7.939567E-02
 1.495800E+01     7.732343E-02
 1.510800E+01     7.530411E-02
 1.526000E+01     7.333681E-02
 1.541300E+01     7.142060E-02
 1.556800E+01     6.955367E-02
 1.572500E+01     6.773510E-02
 1.588300E+01     6.596307E-02
 1.604300E+01     6.423757E-02
 1.620400E+01     6.255679E-02
 1.636700E+01     6.091980E-02
 1.653100E+01     5.932479E-02
 1.669700E+01     5.777084E-02
 1.686500E+01     5.625795E-02
 1.703500E+01     5.478338E-02
 1.720600E+01     5.334806E-02
 1.737900E+01     5.194923E-02
 1.755300E+01     5.058690E-02
 1.773000E+01     4.926015E-02
 1.790800E+01     4.796808E-02
 1.808800E+01     4.670977E-02
 1.827000E+01     4.548340E-02
 1.845300E+01     4.428897E-02
 1.863900E+01     4.312647E-02
 1.882600E+01     4.199317E-02
 1.901500E+01     4.088999E-02
 1.920600E+01     3.981509E-02
 1.939900E+01     3.876847E-02
 1.959400E+01     3.774924E-02
 1.979100E+01     3.675646E-02
 1.999000E+01     3.578923E-02
 2.019100E+01     3.484755E-02
 2.039400E+01     3.393051E-02
 2.059900E+01     3.303628E-02
 2.080600E+01     3.216669E-02
 2.101500E+01     3.131900E-02
 2.122600E+01     3.049412E-02
 2.144000E+01     2.969023E-02
 2.165500E+01     2.890823E-02
 2.187300E+01     2.814540E-02
 2.209300E+01     2.740355E-02
 2.231500E+01     2.668087E-02
 2.253900E+01     2.597644E-02
 2.276500E+01     2.529117E-02
 2.299400E+01     2.462323E-02
 2.322500E+01     2.397264E-02
 2.345900E+01     2.334029E-02
 2.369400E+01     2.272345E-02
 2.393300E+01     2.212304E-02
 2.417300E+01     2.153814E-02
 2.441600E+01     2.096876E-02
 2.466100E+01     2.041397E-02
 2.490900E+01     1.987378E-02
 2.516000E+01     1.934819E-02
 2.541300E+01     1.883629E-02
 2.566800E+01     1.833808E-02
 2.592600E+01     1.785264E-02
 2.618600E+01     1.737998E-02
 2.645000E+01     1.691918E-02
 2.671500E+01     1.647115E-02
 2.698400E+01     1.603407E-02
 2.725500E+01     1.560977E-02
 2.752900E+01     1.519550E-02
 2.780600E+01     1.479310E-02
 2.808500E+01     1.440074E-02
 2.836700E+01     1.401841E-02
 2.865300E+01     1.364612E-02
 2.894100E+01     1.328386E-02
 2.923100E+01     1.293165E-02
 2.952500E+01     1.258764E-02
 2.982200E+01     1.225367E-02
 3.012200E+01     1.192792E-02
 3.042400E+01     1.161129E-02
 3.073000E+01     1.130287E-02
 3.103900E+01     1.100175E-02
 3.135100E+01     1.070976E-02
 3.166600E+01     1.042507E-02
 3.198400E+01     1.014767E-02
 3.230600E+01     9.877580E-03
 3.263000E+01     9.614786E-03
 3.295800E+01     9.358379E-03
 3.328900E+01     9.109273E-03
 3.362400E+01     8.866645E-03
 3.396200E+01     8.630495E-03
 3.430300E+01     8.400460E-03
 3.464800E+01     8.176629E-03
 3.499600E+01     7.958637E-03
 3.534800E+01     7.746395E-03
 3.570300E+01     7.539810E-03
 3.606200E+01     7.338700E-03
 3.642500E+01     7.142882E-03
 3.679100E+01     6.952265E-03
 3.716000E+01     6.766667E-03
 3.753400E+01     6.585996E-03
 3.791100E+01     6.410161E-03
 3.829200E+01     6.238889E-03
 3.867700E+01     6.072179E-03
 3.906600E+01     5.909941E-03
 3.945800E+01     5.751991E-03
 3.985500E+01     5.598238E-03
 4.025500E+01     5.448500E-03
 4.066000E+01     5.302778E-03
 4.106900E+01     5.160887E-03
 4.148100E+01     5.022738E-03
 4.189800E+01     4.888330E-03
 4.231900E+01     4.757480E-03
 4.274500E+01     4.630098E-03
 4.317400E+01     4.506093E-03
 4.360800E+01     4.385372E-03
 4.404600E+01     4.267844E-03
 4.448900E+01     4.153420E-03
 4.493600E+01     4.042097E-03
 4.538800E+01     3.933695E-03
 4.584400E+01     3.828212E-03
 4.630500E+01     3.725558E-03
 4.677000E+01     3.625551E-03
 4.724000E+01     3.528281E-03
 4.771500E+01     3.433565E-03
 4.819400E+01     3.341314E-03
 4.867900E+01     3.251617E-03
 4.916800E+01     3.164293E-03
 4.966200E+01     3.079250E-03
 5.016100E+01     2.996488E-03
 5.066500E+01     2.915916E-03
 5.117500E+01     2.837534E-03
 5.168900E+01     2.761251E-03
 5.220800E+01     2.686975E-03
 5.273300E+01     2.614616E-03
 5.326300E+01     2.544264E-03
 5.379800E+01     2.475828E-03
 5.433900E+01     2.409126E-03
 5.488500E+01     2.344249E-03
 5.543700E+01     2.281105E-03
 5.599400E+01     2.219604E-03
 5.655700E+01     2.159837E-03
 5.712500E+01     2.101620E-03
 5.769900E+01     2.044956E-03
 5.827900E+01     1.989751E-03
 5.886500E+01     1.936097E-03
 5.945600E+01     1.883812E-03
 6.005400E+01     1.832987E-03
 6.065700E+01     1.783530E-03
 6.126700E+01     1.735352E-03
 6.188300E+01     1.688450E-03
 6.250500E+01     1.642918E-03
 6.313300E+01     1.598480E-03
 6.376700E+01     1.555228E-03
 6.440800E+01     1.513254E-03
 6.505600E+01     1.472284E-03
 6.570900E+01     1.432500E-03
 6.637000E+01     1.393720E-03
 6.703700E+01     1.356034E-03
 6.771100E+01     1.319261E-03
 6.839100E+01     1.283583E-03
 6.907800E+01     1.248818E-03
 6.977300E+01     1.214965E-03
 7.047400E+01     1.182025E-03
 7.118200E+01     1.149997E-03
 7.189800E+01     1.118790E-03
 7.262000E+01     1.088496E-03
 7.335000E+01     1.058931E-03
 7.408700E+01     1.030188E-03
 7.483200E+01     1.002266E-03
 7.558400E+01     9.750745E-04
 7.634300E+01     9.486126E-04
 7.711100E+01     9.227895E-04
 7.788600E+01     8.977328E-04
 7.866800E+01     8.733332E-04
 7.945900E+01     8.495905E-04
 8.025800E+01     8.264865E-04
 8.106400E+01     8.040031E-04
 8.187900E+01     7.821309E-04
 8.270200E+01     7.608428E-04
 8.353300E+01     7.401296E-04
 8.437300E+01     7.199729E-04
 8.522100E+01     7.003546E-04
 8.607700E+01     6.812747E-04
 8.694200E+01     6.627058E-04
 8.781600E+01     6.446387E-04
 8.869800E+01     6.270552E-04
 8.959000E+01     6.099462E-04
 9.049000E+01     5.933026E-04
 9.140000E+01     5.771061E-04
 9.231800E+01     5.613385E-04
 9.324600E+01     5.460089E-04
 9.418300E+01     5.310899E-04
 9.513000E+01     5.165723E-04
 9.608600E+01     5.024472E-04
 9.705100E+01     4.887052E-04
 9.802700E+01     4.753283E-04
 9.901200E+01     4.623164E-04
 1.000100E+02     4.496603E-04
 1.010100E+02     4.373418E-04
 1.020300E+02     4.253610E-04
 1.030500E+02     4.136995E-04
 1.040900E+02     4.023574E-04
 1.051300E+02     3.913255E-04
 1.061900E+02     3.805857E-04
 1.072600E+02     3.701378E-04
 1.083400E+02     3.599819E-04
 1.094300E+02     3.500906E-04
 1.105300E+02     3.404731E-04
 1.116400E+02     3.311111E-04
 1.127600E+02     3.220045E-04
 1.138900E+02     3.131444E-04
 1.150400E+02     3.045306E-04
 1.161900E+02     2.961449E-04
 1.173600E+02     2.879873E-04
 1.185400E+02     2.800488E-04
 1.197300E+02     2.723292E-04
 1.209300E+02     2.648195E-04
 1.221500E+02     2.575197E-04
 1.233800E+02     2.504115E-04
 1.246200E+02     2.434949E-04
 1.258700E+02     2.367699E-04
 1.271300E+02     2.302274E-04
 1.284100E+02     2.238583E-04
 1.297000E+02     2.176717E-04
 1.310100E+02     2.116494E-04
 1.323200E+02     2.057822E-04
 1.336500E+02     2.000883E-04
 1.350000E+02     1.945404E-04
 1.363500E+02     1.891477E-04
 1.377200E+02     1.839009E-04
 1.391100E+02     1.788002E-04
 1.405000E+02     1.738363E-04
 1.419200E+02     1.690093E-04
 1.433400E+02     1.643100E-04
 1.447800E+02     1.597385E-04
 1.462400E+02     1.552947E-04
 1.477100E+02     1.509696E-04
 1.491900E+02     1.467722E-04
 1.506900E+02     1.426751E-04
 1.522100E+02     1.386967E-04
 1.537400E+02     1.348278E-04
 1.552800E+02     1.310684E-04
 1.568400E+02     1.274094E-04
 1.584200E+02     1.238507E-04
 1.600100E+02     1.203833E-04
 1.616200E+02     1.170162E-04
 1.632400E+02     1.137404E-04
 1.648800E+02     1.105559E-04
 1.665400E+02     1.074535E-04
 1.682100E+02     1.044423E-04
 1.699100E+02     1.015132E-04
 1.716100E+02     9.866630E-05
 1.733400E+02     9.589236E-05
 1.750800E+02     9.319143E-05
 1.768400E+02     9.057444E-05
 1.786200E+02     8.802406E-05
 1.804100E+02     8.554486E-05
 1.822300E+02     8.313318E-05
 1.840600E+02     8.078811E-05
 1.859100E+02     7.850782E-05
 1.877700E+02     7.629050E-05
 1.896600E+02     7.413432E-05
 1.915700E+02     7.203744E-05
 1.934900E+02     6.999805E-05
 1.954400E+02     6.801523E-05
 1.974000E+02     6.608625E-05
 1.993900E+02     6.421111E-05
 2.013900E+02     6.238798E-05
 2.034100E+02     6.061595E-05
 2.054600E+02     5.889227E-05
 2.075200E+02     5.721605E-05
 2.096100E+02     5.558636E-05
 2.117200E+02     5.400139E-05
 2.138400E+02     5.246113E-05
 2.159900E+02     5.096284E-05
 2.181600E+02     4.950652E-05
 2.203600E+02     4.809035E-05
 2.225700E+02     4.671434E-05
 2.248100E+02     4.537573E-05
 2.270700E+02     4.407454E-05
 2.293500E+02     4.280984E-05
 2.316500E+02     4.157982E-05
 2.339800E+02     4.038447E-05
 2.363300E+02     3.922198E-05
 2.387100E+02     3.809233E-05
 2.411100E+02     3.699370E-05
 2.435300E+02     3.592610E-05
 2.459800E+02     3.488862E-05
 2.484500E+02     3.387941E-05
 2.509500E+02     3.289850E-05
 2.534700E+02     3.194587E-05
 2.560200E+02     3.101879E-05
 2.585900E+02     3.011818E-05
 2.611900E+02     2.924311E-05
 2.638100E+02     2.839268E-05
 2.664600E+02     2.756598E-05
 2.691400E+02     2.676208E-05
 2.718500E+02     2.598100E-05
 2.745800E+02     2.522182E-05
 2.773400E+02     2.448454E-05
 2.801300E+02     2.376733E-05
 2.829400E+02     2.307111E-05
 2.857900E+02     2.239405E-05
 2.886600E+02     2.173615E-05
 2.915600E+02     2.109650E-05
 2.944900E+02     2.047602E-05
 2.974500E+02     1.987196E-05
 3.004400E+02     1.928615E-05
 3.034600E+02     1.871585E-05
 3.065100E+02     1.816288E-05
 3.095900E+02     1.762452E-05
 3.127000E+02     1.710258E-05
 3.158400E+02     1.659433E-05
 3.190200E+02     1.610160E-05
 3.222200E+02     1.562254E-05
 3.254600E+02     1.515718E-05
 3.287300E+02     1.470459E-05
 3.320400E+02     1.426569E-05
 3.353700E+02     1.383956E-05
 3.387400E+02     1.342530E-05
 3.421500E+02     1.302289E-05
 3.455900E+02     1.263235E-05
 3.490600E+02     1.225276E-05
 3.525700E+02     1.188412E-05
 3.561100E+02     1.152643E-05
 3.596900E+02     1.117877E-05
 3.633100E+02     1.084116E-05
 3.669600E+02     1.051358E-05
 3.706400E+02     1.019512E-05
 3.743700E+02     9.885792E-06
 3.781300E+02     9.586499E-06
 3.819300E+02     9.294506E-06
 3.857700E+02     9.012094E-06
 3.896500E+02     8.737529E-06
 3.935600E+02     8.471085E-06
 3.975200E+02     8.212489E-06
 4.015100E+02     7.961466E-06
 4.055500E+02     7.717743E-06
 4.096200E+02     7.481229E-06
 4.137400E+02     7.251649E-06
 4.179000E+02     7.028822E-06
 4.221000E+02     6.812656E-06
 4.263400E+02     6.602877E-06
 4.306300E+02     6.399303E-06
 4.349500E+02     6.201751E-06
 4.393300E+02     6.010131E-06
 4.437400E+02     5.824168E-06
 4.482000E+02     5.643771E-06
 4.527100E+02     5.468757E-06
 4.572600E+02     5.298945E-06
 4.618500E+02     5.134243E-06
 4.664900E+02     4.974468E-06
 4.711800E+02     4.819620E-06
 4.759200E+02     4.669335E-06
 4.807000E+02     4.523521E-06
 4.855300E+02     4.382178E-06
 4.904100E+02     4.245124E-06
 4.953400E+02     4.112267E-06
 5.003200E+02     3.983334E-06
